1
100 3 5 7
4 16 4 1 4 4 8
1 5 25 3 15 15 15
1 10 15 6 30 5 6
2 15 6 30 5 30 2
1 25 100 100 4 20 20
9 2 9 2 9 2 6
50 5 5 1 10 10 5
1 20 10 2 20 20 20
6 10 10 5 3 15 3
10 50 5 50 50 10 10
10 30 2 5 2 2 10
4 8 8 1 4 8 24
1 100 100 25 1 20 5
2 8 8 8 4 2 1
15 3 5 1 5 5 15
3 5 9 3 9 15 3
1 1 12 12 6 1 8
1 1 12 36 12 1 1
12 60 5 5 1 20 12
1 3 4 4 1 1 1
1 1 5 1 25 5 10
10 1 1 1 3 2 3
60 12 4 1 4 60 20
1 15 5 3 75 25 1
50 25 5 5 10 10 5
4 4 64 4 4 4 16
12 8 4 2 24 1 2
16 16 3 12 4 4 3
25 125 1 25 1 1 5
16 4 2 8 4 16 8
4 4 4 20 20 1 1
36 1 4 3 36 36 3
5 75 15 5 3 5 25
1 15 1 3 3 10 6
6 6 1 2 4 1 6
8 2 2 2 1 4 2
15 3 5 3 3 15 15
8 8 8 4 1 16 4
3 45 3 3 1 15 45
1 3 25 5 1 25 3
45 15 45 15 45 9 15
36 9 12 36 12 3 1
5 75 5 3 5 25 25
16 80 4 20 4 1 5
1 6 6 24 3 8 3
4 5 20 20 5 5 25
18 6 6 3 3 6 6
4 15 60 15 15 3 1
5 15 25 75 15 15 15
5 3 15 15 3 15 45
45 15 1 9 9 3 15
12 3 9 3 12 1 1
12 3 1 15 60 1 20
4 6 2 4 1 3 2
10 1 20 2 10 2 20
75 15 15 5 5 15 25
1 1 3 20 12 20 15
12 1 12 24 3 4 8
3 12 16 1 16 12 48
20 25 20 20 4 20 20
9 6 18 3 1 1 2
5 5 20 20 4 3 12
25 75 5 3 75 25 15
75 5 15 5 3 3 5
5 100 20 100 5 4 25
15 4 60 1 3 60 12
4 4 3 12 24 12 12
2 1 10 5 25 25 10
3 45 15 3 9 45 15
4 8 1 1 8 8 4
12 4 4 3 4 4 4
2 2 6 2 3 3 6
1 4 5 20 20 3 20
12 2 2 4 2 3 12
2 3 6 4 2 12 12
4 20 1 20 16 20 5
8 40 4 20 2 20 10
4 4 10 20 5 10 5
75 3 3 25 15 5 75
4 5 1 5 20 20 4
8 2 3 4 6 1 6
3 2 1 15 5 5 6
2 50 50 25 10 25 50
4 8 2 16 1 8 1
1 10 30 30 6 10 6
3 12 6 2 6 6 6
3 75 15 75 15 3 25
12 9 9 3 36 12 12
4 5 8 40 1 2 2
4 5 5 5 4 80 20
5 1 15 5 15 15 25
2 8 4 8 12 24 24
5 1 5 25 25 2 5
12 12 6 2 2 12 6
16 2 8 16 4 2 8
10 20 2 4 2 10 10
8 6 6 8 1 2 3
2 10 1 1 2 10 20
2 12 1 2 8 24 2
15 15 3 1 9 9 3
