6752009290
18417428530
15290246657
18797603899
19893193254
18027823880
13662973956
5951829598
14081721496
16954907241
129732899
8813711841
11487324118
15830303252
7273452274
17253375853
14312231043
5794111669
5078925240
14238961898
15755885725
18291245942
2357358259
9143836486
17034892973
12429870003
19206504734
7727413506
5760011509
5643557594
12703975418
10729622904
13010566862
7144936913
16595576399
2046227611
17315666126
17432527799
18475921915
2974031207
6032316776
11795720169
14538361138
2486374519
13831988915
18288083277
17873210590
16255668743
6190113644
2889863640
4408349115
17583994650
5345491848
4870212361
18886459897
19951917347
5803845974
11665681212
16050733635
15326978831
2873543619
5130632194
6963219504
756640061
11929099879
485177648
14258108150
5242022445
45966248
16658860407
10888682072
16348250539
11351348731
1006333277
13532293757
18518622460
10696484640
11777902335
9889550265
19336058442
7894346119
15151945577
6263458439
14748370751
7319179023
15236974132
13207259031
7958114645
15249936325
15632135678
17445681019
16666073789
17513765997
19364791482
66929163
11228326768
13058665867
1608694263
17588605937
16251952294
11700284043
12980149754
18866567069
4690342473
6457712697
18240541555
19960374580
11994815361
18795713846
19221787017
17507860421
19760893805
12909930343
19176241457
9676543814
9302471398
6469554236
14446724938
8755935949
10094332708
18041560754
6277782909
7500417850
15020975775
7303184883
18829687594
18091928079
16141873374
15779451392
15300679709
16810401257
17608707224
19585146753
18625063546
9162065866
15652509109
2026610579
15794821616
18691658564
8110139881
94857891
14983492713
8591759012
12401979938
4864320655
11621094951
9097489087
19343967809
11248570158
6523161652
18899577178
14493918733
773222046
13774563144
19395232742
2820892857
11737286349
9411510808
2636761030
2835426929
11756990627
12813931405
14026258290
7243681251
10545028452
12384154929
19940065386
15598115897
19884336530
16052147457
19408097785
11173187010
16551101459
17754283157
10203290331
8216529741
351999516
3278695073
15806818829
1238583685
7274977956
15081563026
6154957802
11613033267
129732899
14162145714
11585721957
13194216185
10655470146
12552753274
9721645762
20006251861
18783989029
16614593667
6282555952
12873559628
15350263566
18785880896
11426036322
16274699839
13475488932
12325804333
15708634351
14756609460
3028196100
15257409335
17086047088
10090981324
10084276766
6243549259
16562005926
19101125018
3400869215
18180046364
11524750294
13695484233
2991195014
13893562614
4820511954
286676241
4329426564
11965638620
13686673763
19768824616
14082796519
18081067489
10346795983
15855182481
15429750261
14028955102
12918579284
13086661589
17857638110
815122556
9727105511
7362534412
5101455526
5804657019
12776194229
18442422613
2912514965
12351429996
14193132324
12931832906
11506669987
17256820482
2505675769
16501469043
4621616925
6024279909
7578837935
7471697691
16955348060
7855702778
18297173632
16728569442
14744765019
16717351707
14156796864
13338255052
9957139581
18892458155
9394878721
19790862148
11484201972
16460354657
1933947401
10723129962
1220340368
11562725261
19094135466
1839101516
13581698431
1151106074
3846477309
10976714706
16399824736
7413390676
18761642367
19034353086
13771275634
14442522971
16386489809
15581076321
9480671275
18436179245
16388789854
4830628129
15323012123
17062900413
2389669287
12416820307
17232687991
4771562953
9169073106
3461302684
13581144139
10073544757
15041198650
17041025304
17892035126
7644237929
