100
138.00000 2.00000 276.00000
116.5 2.35 278.0775
1.04994 3.81386 1999.80880
496.27949 1.02569 1940.16137
179.27604 1.34466 912.89795
1.03344 3.34586 1999.34540
482.39779 1.09163 1761.16763
363.00000 2.00000 363.00000
163.62 3.7 1.0
497.33652 1.49525 1987.39194
497.75281 1.05179 1941.42855
491.46262 1.17046 1997.51282
271.66224 1.47327 1605.48058
275.05016 1.21523 119.45789
200.82462 1.75278 1630.93429
492.30550 1.18879 1960.85959
487.0 3.0 1390.0
493.84824 1.05463 1995.49062
496.85714 1.31996 1951.59378
494.83353 1.26838 1953.16130
15.6 2.48931 1693.3076
316.00000 2.00000 632.00000
491.50841 1.40912 1936.80218
51.00000 2.00000 102.00000
34.40351 2.61315 550.45763
250.0 1.0 1309.0
96.95593 1.93897 12.15749
1.0000 2.1136 484.4885
128.0 1.0 1203.0
1.28635 3.64677 2.31238
154.74027 1.41417 317.45403
494.31351 1.02995 1974.70178
493.15110 1.16659 1919.83857
362.0 2.0 960.0
95.0 4.0000 1998.14416
498.89531 1.35006 1904.40304
393.22497 1.62805 436.02652
494.61900 1.45217 1940.19634
490.33389 1.45951 1903.83743
79.0 1.8514 1146.66778
490.13291 1.31881 1934.91869
1.09068 3.41384 1999.06078
494.24246 1.26893 1931.25933
25.6 1.9699 1114.9
183.0 1.0 191.0
1.08327 3.06713 1999.22186
202.88 2.9036 823.3
493.66268 1.45359 1972.27248
261.87065 2.04314 1856.83127
418.01999 1.34227 1166.00148
218.74455 2.740 93.5930
495.62843 1.39318 1960.71222
232.0 2.0 1942.0
29.47 2.45 1896.1531
498.54269 1.29322 1913.10071
297.0 3.3 70.0
260.0 1.0 919.0
232.49587 1.30962 533.91491
493.68050 1.41582 1928.26097
415.0 2.0 1586.0
500.00 1.0 1073.0
493.88370 1.17078 1976.13533
68.31842 1.87027 1909.87225
99.4687 2.0 1584.08125
415.33639 3.61725 1942.98724
467.0 1.1 522.1740
101.0 1.0 53.0
193.0 4.0 1819.0
310.248 3.4 1738.9
294.00000 4.00000 328.00000
494.09401 1.13356 1959.53870
498.25985 1.20066 1952.83161
83.20 1.00000 1711.0
497.21342 1.25446 1999.99215
18.87640 1.70919 1560.31083
78.40658 2.11785 1962.63141
391.00000 2.00000 423.00000
491.61659 1.36334 1929.16139
493.00612 1.18619 1937.43847
149.4 1.0 456.30888
492.10165 1.16767 1998.76327
490.77918 1.42770 1999.59569
73.37 3.7 2000.00000
5.0 3.0 235.0
491.16054 1.13131 1903.50198
496.75806 1.33931 1913.93771
495.32091 1.19781 1921.92761
260.00000 4.00000 267.00000
492.38803 1.11474 328.88775
370.25586 3.36949 104.56790
117.00000 2.00000 234.00000
498.0 3.0 1159.0
485.0 1.0 1388.0
495.89532 1.01890 1990.90025
490.69088 1.08289 1970.87858
214.635 2.94 118.0905
494.27285 1.25958 1994.28586
384.77245 2.20652 1094.00629
143.62162 2.37465 595.77412
492.27981 1.17884 1984.04277
