100 28
-100 10 100 10
100 -49 -100 -49
-100 -89 100 -89
100 -31 -100 -31
-100 19 100 19
100 42 -100 42
-100 -83 100 -83
100 9 -100 9
-100 64 100 64
100 1 -100 1
-100 15 100 15
100 -61 -100 -61
-100 8 100 8
100 -98 -100 -98
-100 -25 100 -25
100 -44 -100 -44
-100 -41 100 -41
100 66 -100 66
-100 53 100 53
100 16 -100 16
-100 43 100 43
100 -14 -100 -14
-100 -43 100 -43
100 33 -100 33
-100 69 100 69
100 92 -100 92
-100 -73 100 -73
100 36 -100 36
-100 4 100 4
100 -42 -100 -42
-100 -70 100 -70
100 -4 -100 -4
-100 -87 100 -87
100 -32 -100 -32
-100 30 100 30
100 14 -100 14
-100 -29 100 -29
100 2 -100 2
-100 -91 100 -91
100 39 -100 39
-100 -34 100 -34
100 -20 -100 -20
-100 3 100 3
100 -21 -100 -21
-100 -11 100 -11
100 76 -100 76
-100 6 100 6
100 -100 -100 -100
-100 52 100 52
100 67 -100 67
-100 82 100 82
100 65 -100 65
-100 63 100 63
100 -57 -100 -57
-100 -84 100 -84
100 -40 -100 -40
-100 -51 100 -51
100 5 -100 5
-100 49 100 49
100 32 -100 32
-100 71 100 71
100 83 -100 83
-100 41 100 41
100 84 -100 84
-100 -47 100 -47
100 -24 -100 -24
-100 -92 100 -92
100 -67 -100 -67
-100 68 100 68
100 -85 -100 -85
-100 -75 100 -75
100 77 -100 77
-100 96 100 96
100 -69 -100 -69
-100 -18 100 -18
100 -53 -100 -53
-100 11 100 11
100 7 -100 7
-100 -10 100 -10
100 17 -100 17
-100 -77 100 -77
100 22 -100 22
-100 -23 100 -23
100 -81 -100 -81
-100 26 100 26
100 -56 -100 -56
-100 20 100 20
100 31 -100 31
-100 94 100 94
100 -99 -100 -99
-100 -62 100 -62
100 -5 -100 -5
-100 -96 100 -96
100 -79 -100 -79
-100 57 100 57
100 -95 -100 -95
-100 98 100 98
100 93 -100 93
-100 55 100 55
100 79 -100 79
