654806863
465788459
667944611
847613025
286334811
712230445
897546164
745833516
436765583
722654588
592175094
601532134
42254495
393566303
49616626
639950679
939948872
772314708
69183231
905477165
50912349
949565691
815206009
27715442
660931631
458598149
42488988
951108944
656185533
611578471
461320514
324927995
197140350
229771599
234726084
575374656
217769655
857490247
388236419
110200239
505242847
850031517
428675204
129017841
386716211
876013816
955081198
433707501
596410195
605367414
375445464
922695799
289126314
631866799
224259367
372410096
501043642
928677119
702721997
451477561
582830480
240330104
224634291
731679673
79709656
741490304
985664830
685281089
512336065
810991342
786861209
15343009
938613362
306067400
738346937
749456785
189080099
187074337
55014861
869018586
240871477
659145192
275633663
427930240
586577426
351285310
710750824
317894994
184549623
985082872
505811753
146642089
452910028
83680540
270526562
393621025
275427295
680753470
234444471
769356018
796377395
979790210
994459255
237125651
702143013
562880740
298087117
907503536
225658899
64453510
488651234
271408314
384093569
770653793
834603006
738473770
360165910
979053231
40183328
548919443
374655725
819482714
832837521
455409418
488609615
198826726
111409719
427544701
290827182
647916675
656733311
965539874
244377463
938656865
374528294
354677545
960487125
708399680
246284984
646487896
419154342
654723017
140700964
665171498
474424534
432494266
822190514
726293802
700322640
786528916
973834155
216976719
154951790
380558616
660975015
640888365
94141515
975999217
998711261
326817550
670377137
719860601
480362888
422770580
886623004
56243308
255078612
111895861
531392753
355799953
544123508
131277158
176907084
705094927
336617156
620646127
685980028
675107034
266526986
739152559
784745560
482392031
420590998
970191041
510627401
220505238
751312904
20035953
833904366
782260313
874985888
219880959
208975225
445774659
872952038
718279452
634067350
305611277
995779638
708775683
420619089
12079489
678267823
828631904
834137564
244504683
912960629
667208911
961748778
612300333
659796846
37367367
55909974
572782793
150236951
858065877
330995464
422671867
598586699
785290672
621245134
259623254
57785440
520150705
261436822
647056613
35475632
347370638
172263005
764234076
622687073
642077457
374614847
486977917
404979469
98516888
