100 27
50 0 50 1
51 1 51 -1
52 -1 52 2
53 2 53 -2
54 -2 54 3
55 3 55 -3
56 -3 56 4
57 4 57 -4
58 -4 58 5
59 5 59 -5
60 -5 60 6
61 6 61 -6
62 -6 62 7
63 7 63 -7
64 -7 64 8
65 8 65 -8
66 -8 66 9
67 9 67 -9
68 -9 68 10
69 10 69 -10
70 -10 70 11
71 11 71 -11
72 -11 72 12
73 12 73 -12
74 -12 74 13
75 13 75 -13
76 -13 76 14
77 14 77 -14
78 -14 78 15
79 15 79 -15
80 -15 80 16
81 16 81 -16
82 -16 82 17
83 17 83 -17
84 -17 84 18
85 18 85 -18
86 -18 86 19
87 19 87 -19
88 -19 88 20
89 20 89 -20
90 -20 90 21
91 21 91 -21
92 -21 92 22
93 22 93 -22
94 -22 94 23
95 23 95 -23
96 -23 96 24
97 24 97 -24
98 -24 98 25
99 25 99 -25
0 -25 0 26
1 26 1 -24
2 -24 2 25
3 25 3 -23
4 -23 4 24
5 24 5 -22
6 -22 6 23
7 23 7 -21
8 -21 8 22
9 22 9 -20
10 -20 10 21
11 21 11 -19
12 -19 12 20
13 20 13 -18
14 -18 14 19
15 19 15 -17
16 -17 16 18
17 18 17 -16
18 -16 18 17
19 17 19 -15
20 -15 20 16
21 16 21 -14
22 -14 22 15
23 15 23 -13
24 -13 24 14
25 14 25 -12
26 -12 26 13
27 13 27 -11
28 -11 28 12
29 12 29 -10
30 -10 30 11
31 11 31 -9
32 -9 32 10
33 10 33 -8
34 -8 34 9
35 9 35 -7
36 -7 36 8
37 8 37 -6
38 -6 38 7
39 7 39 -5
40 -5 40 6
41 6 41 -4
42 -4 42 5
43 5 43 -3
44 -3 44 4
45 4 45 -2
46 -2 46 3
47 3 47 -1
48 -1 48 2
49 2 49 0
