5
100
41 53 28 58 73 21 65 40 26 42 75 71 39 8 83 67 20 35 31 12 3 99 88 9 85 70 4 24 72 57 90 77 47 45 37 25 23 84 15 100 1 68 43 30 98 80 59 56 74 38 89 33 6 49 19 79 66 61 78 34 36 55 11 54 32 50 29 87 13 44 96 22 52 95 81 48 10 63 94 92 17 86 82 97 62 69 51 7 76 46 5 60 16 18 91 27 93 64 2 14 
01
100
22 91 38 98 41 19 68 77 39 36 83 81 9 85 76 55 37 14 51 100 25 54 66 13 27 75 62 5 2 82 15 17 48 49 96 56 58 4 92 79 32 53 95 50 10 8 43 74 87 12 23 16 52 26 97 28 11 72 99 88 70 20 45 65 73 90 84 18 80 71 40 34 67 21 30 59 78 29 89 60 64 57 42 94 86 69 24 93 44 47 3 46 31 1 63 35 7 33 6 61 
01
100
16 36 87 97 72 67 79 66 76 59 6 37 32 74 68 52 65 39 85 69 41 54 25 1 7 98 93 60 62 20 42 9 24 2 100 81 21 53 51 13 48 4 78 95 22 73 92 23 83 63 28 49 80 26 44 82 77 96 3 17 30 90 55 84 15 50 46 56 99 19 57 11 91 29 18 34 38 75 12 14 43 8 94 27 47 58 64 61 45 71 86 40 31 88 70 33 10 89 35 5 
01
100
92 37 31 30 96 88 22 26 87 23 51 32 99 75 82 53 14 69 38 54 90 19 33 49 20 9 85 2 62 55 63 21 81 28 71 35 67 25 98 10 58 70 100 52 93 59 18 45 80 66 6 77 42 76 44 78 24 39 57 7 86 48 43 64 27 15 1 61 74 34 72 36 4 95 94 65 17 68 97 79 56 8 89 73 5 11 29 91 13 41 47 50 12 60 84 46 16 40 3 83 
01
100
70 1 11 84 13 3 55 66 24 74 4 82 27 60 26 72 14 73 30 44 48 98 46 57 38 94 53 15 97 54 8 100 41 34 83 62 51 77 19 96 71 20 37 43 42 87 92 56 7 61 47 12 18 52 81 75 50 68 91 5 33 6 16 93 2 9 78 23 63 69 86 32 28 35 59 79 95 10 31 76 67 21 65 29 40 80 17 99 22 89 88 36 25 45 58 90 49 39 85 64 
01
