1
100 3 5 7
20 5 80 80 80 20 20
15 3 60 60 15 3 15
20 20 1 4 80 4 16
3 3 45 15 1 3 5
4 4 12 36 3 9 12
12 12 12 24 6 1 2
4 2 10 10 1 2 2
9 3 1 12 4 4 1
60 20 15 5 3 4 5
16 1 2 4 8 16 8
3 1 6 6 12 4 2
5 5 75 5 3 1 5
1 25 10 2 2 1 2
20 20 1 16 4 5 20
9 9 3 27 9 3 1
3 12 1 12 5 12 20
15 25 25 25 5 15 25
2 1 4 6 12 3 24
10 1 2 2 5 20 20
1 5 20 100 25 5 20
1 15 6 2 1 5 1
30 3 15 3 2 15 10
5 10 10 2 10 4 2
3 9 27 3 9 9 3
1 6 1 4 3 8 24
48 4 12 3 16 16 12
10 4 2 10 4 2 1
20 20 10 10 5 10 10
15 9 5 15 3 45 15
4 1 4 2 8 1 1
4 4 8 1 2 4 4
9 9 1 45 5 1 15
8 8 2 8 1 4 4
1 2 10 20 10 10 2
10 10 4 2 10 2 5
48 12 48 3 4 1 16
2 6 2 6 2 2 12
24 3 4 3 2 2 6
15 25 75 25 3 15 15
50 50 10 5 25 2 5
1 1 1 5 9 9 15
4 3 8 12 4 24 4
40 20 4 8 5 40 1
2 4 4 2 1 2 2
12 4 3 12 4 36 36
12 3 3 12 1 3 12
2 1 2 10 1 10 10
2 6 18 18 3 6 9
4 4 12 48 12 12 1
5 3 20 60 5 1 12
2 8 20 10 8 1 10
15 1 2 5 30 6 30
4 8 8 16 4 8 32
5 25 25 125 5 25 5
10 10 6 10 10 1 15
5 10 20 8 4 2 10
1 100 100 20 4 100 20
10 1 1 30 2 2 10
4 2 8 2 8 1 1
3 3 12 2 12 8 1
10 5 3 2 2 3 1
2 2 2 2 4 2 2
1 8 20 8 1 2 40
5 60 60 12 5 60 12
2 30 6 1 6 6 2
16 4 20 5 16 4 80
1 24 8 2 1 1 6
16 1 12 3 3 16 12
10 20 4 10 1 5 10
8 8 16 16 2 8 1
15 2 3 2 15 3 10
1 8 6 3 1 1 8
6 3 1 30 2 6 3
10 5 15 30 10 2 10
3 5 25 15 5 75 5
5 8 10 4 4 4 40
32 1 8 1 1 8 8
8 8 1 4 4 2 16
1 6 6 4 6 6 6
1 12 12 3 36 12 12
3 1 12 3 4 3 4
8 4 12 2 8 12 24
12 60 20 12 12 4 3
25 20 4 5 25 1 5
4 8 1 16 4 2 4
125 25 125 5 25 5 5
25 125 1 5 25 5 5
6 1 3 5 1 3 3
4 2 2 2 6 2 3
10 40 10 8 2 4 5
1 2 40 2 40 4 40
1 6 6 3 2 6 6
1 16 2 8 4 8 2
3 3 5 75 1 5 75
3 12 5 20 4 3 12
2 4 4 8 4 8 8
15 1 3 4 20 20 5
32 32 8 4 2 1 16
25 2 50 2 10 2 10
3 3 2 1 6 12 1
