100
1 2
01
11
3 5
11111 10101 11001
11100 10000 10110
1 8
00001010
00110001
7 9
011011111 101111010 000001101 011101000 001011100 000000110 111010111
111110110 111010010 111010110 001100100 101000100 001000010 100100110
10 10
1111101001 1000001101 1100110100 1011010111 0100001001 1110101000 0011000011 0011011110 0001110110 0100110010
1001000101 1110110100 0010001011 0100101110 0110110010 1011110000 1001011000 0001010001 0101101111 1110001111
1 10
1011000111
0001110110
10 10
0011000110 0011111010 1011001111 1010101001 1100111100 1100110001 0100100111 1101011010 0100000101 0011010000
1110100110 1001111011 0110110000 0111011011 1110000100 0110111101 0000101000 1001010001 1001000111 0001001110
2 10
0011010100 0110101011
1100101011 1001010100
6 6
001101 011101 100001 110001 011100 110000
100011 011111 110011 100010 001111 001110
10 10
0001001001 0111001111 0011100010 1101010100 1000111010 0010010110 1000101001 1100110111 0111001100 1110110001
0000101010 0100100111 1111011100 1011110010 0000111001 1001011001 0110100001 0101000100 1111011111 1010000110
10 8
01010010 00100101 00011111 01001111 00010011 01101111 10000001 10000000 00101111 01000010
10101101 10100100 11101110 00111100 10100001 00110011 11011101 11100010 00000011 01000110
10 10
1000010110 1100001001 1001101010 0110100100 0101011101 1010010101 0001101001 1111110011 0111001110 0010110010
1110101010 0111010101 1001100111 1010011110 0000110000 0110101001 1101110001 0101010110 0011001010 1000001101
10 10
0011011011 0111001100 1000100100 0011111000 1000010011 0101101111 0100000110 1010100000 1111010111 1100111001
1010010000 0001111011 0110111111 1101101110 0011001000 0101010001 1010110011 1100000111 0001001100 1110100100
2 9
100000110 110000101
101111110 111111101
9 10
1001100001 1000010001 1110000110 1111101001 0111110011 1010000100 1111110110 0000111001 0101101110
1000000011 0100001100 0001011011 0110010001 1011100110 1111100100 1110001011 1001110011 1110010100
2 5
11001 11101
10110 10010
10 6
110010 010010 011101 110011 110110 100110 111100 011010 111001 100011
001110 110000 010100 011011 101000 010101 111011 111000 000001 100101
3 6
101011 101000 110110
101011 001001 100110
1 9
000100001
001010001
10 10
1110001110 0000110101 1101101001 0111001011 1110110000 1011101111 0000010111 1001010100 0100110010 0011001000
1011001111 0001001101 1000110110 1111101010 1100110101 0100010010 1111001000 0001110011 0010010100 0110101001
10 7
1110010 0110110 1010010 1101010 0001110 0100000 1011000 1001000 1100000 0011001
0001100 1100111 0010100 1001000 0110110 1011110 0101100 0100110 0011110 1110000
2 10
1010110010 0111011001
1010110000 0111011011
3 4
1100 1011 1001
1001 1100 1110
10 10
1011110111 0010001111 1111101010 1100010000 1000001100 0111110011 0001101101 0100100011 0101010100 1010011000
1101010101 0101001100 0000111110 0001010001 1111110010 1000101001 1110000101 0010101010 1011001011 0110110110
1 6
111001
000001
8 5
11100 00110 00010 01011 10100 11001 01110 10000
01110 10101 00010 11000 00111 01010 11100 10000
10 10
1101101100 1101010111 1010101001 1011011001 0101100101 0000111101 1010011010 0110000010 0010000010 0101110110
1010101110 0010000101 1110101110 0010110110 1101011010 0011110101 1000010001 0101000000 0101111011 1101001001
10 10
1001111110 0011001010 0110000001 1000011010 0000101101 1110110110 1111111111 0111000101 1100010000 0001100001
0101000100 0110100011 0011101000 1001111001 1101110011 0010101100 0100001000 1010010110 1100010111 1011011111
10 10
0001101000 1110100001 1010000110 0000111011 0001000110 1111111001 0100001101 1101011110 1011010001 0110110110
1001101100 1110011100 0010000100 0101011100 0001111011 1111100001 0000100011 0100001011 1011010111 1110110010
10 10
0001110010 1000011100 0110000110 0000010101 1101011100 1010101001 1111110011 0101100100 0110101011 1011001011
1000011001 0011000010 0100011011 1010101100 1101000011 0100110110 0111010100 1001111011 0010100101 1111101100
10 10
1110000010 1110011010 0011110101 1000110100 0001100001 1101101111 0111001010 1011011010 0100111101 0000000101
1100010001 1000101001 0111001110 1101110101 1011011110 0100100000 0010010110 0001111011 0010001110 1111100001
10 10
0101000111 1010010100 0111100000 1011110110 0110001101 0000101001 1101001000 1001010011 0010111111 1100111010
1111010101 1001111011 0110101000 0011000110 0001010000 0100001111 1110100111 1000011001 0101100010 1010111100
6 9
100100101 001011010 100111000 011101100 011000010 001001011
001010101 101010000 111000100 100000111 010000001 001010100
10 10
1111010001 1100010100 0011000010 1001110011 1000100110 0000111000 0111101111 1101011101 0010001111 0110101000
0101000110 1111110100 1110110011 0001101000 1000100011 0000111101 1011011001 1010010100 0100001111 0111001010
10 10
1100000101 0010011100 0111000011 0010101001 0000110100 1101110101 1111101110 1001011010 1000101011 0111010010
1011000010 0100011000 1001101010 0110000011 0111110011 1001011111 1100100100 1100110101 0011011101 0010101100
2 10
1101000011 0101110110
0111111000 1111001101
2 5
10100 00000
00111 10011
7 9
110100110 001001101 000100100 011100111 111000100 001001111 010010111
111101101 001100001 010010110 010010111 110110011 111001001 000000110
6 10
0100100101 0111000110 0100111000 1001000001 1101101010 1001001010
1010011111 1110111111 0011010000 0000110011 1110110100 0011001101
2 7
0011101 1110000
1011111 0110010
2 8
00001001 11111101
10100110 01010010
2 9
101111011 011100100
111010000 001100010
10 10
1010010001 0010100010 1011000011 0110001110 1111110101 0001111001 0101101101 0101001110 1100011000 1000110110
0010011001 0101101110 1110000110 1011100010 0110110101 1000001111 0001011001 1100100001 0001111010 1111010100
10 10
1001100010 1110010000 1000011001 0101000011 0011101101 0100101000 1111011110 0011010111 1100101100 0010110111
1001001111 0011110111 1111000110 0010011100 1000000001 1011110011 0100001000 0100110010 1110111101 0101101000
2 8
11111001 01111000
11011101 01011100
10 10
1110010111 0111011101 0111111111 0010011001 1100101001 0101100000 0000000110 1001111100 1011100010 1000000010
1010000111 0110011011 1101111110 0111100101 1000011000 1111100001 0011001110 1000111010 0001110000 0100000101
5 8
11110001 00111000 10000011 00001000 00010011
11110100 11011111 11000100 00111101 01001111
8 6
110001 101101 010110 100010 110010 110111 110101 010111
000110 110100 101011 100001 111001 101100 100110 000111
10 10
1100010011 1000111100 0111100111 1001110010 0000001101 0101100010 1010001010 1111001101 0010111101 0111010000
1000001111 1001000001 0110011010 1110110000 1011110111 0011000000 1101101110 0110101101 0100011111 0001110000
10 10
1001110111 1010110010 1101101010 0100000010 0011011101 0111101101 1100000001 1010001010 0111010101 0000111100
1111110110 0001010100 0010101001 1111001110 1100100001 0101001001 1000011111 0010010001 0100100010 1011111110
2 6
101010 100010
001111 000111
10 10
0000000111 1111000101 1111000010 0010100001 1101111000 0001011010 1110110100 1001101110 0100111111 0010011001
0000101011 1110110011 0011101000 1110110100 0011010000 1000011111 1100001001 0101001110 0001110110 1111000101
1 10
0111101011
1100011000
2 7
1111011 0111010
1101101 0101100
6 10
1000100011 0100110100 0000000101 0001110100 0101000011 1111010011
0111010010 0100111011 1000001100 1010101000 1111011110 0010000011
10 10
0110101000 0001100101 1111010110 1000011011 0010100011 1000010000 1110101100 1111001011 0001111110 0101010101
1010110110 1101000000 1110111101 0111000011 0110111001 0000000101 1001101011 0000001110 0111011110 1001110000
9 10
0101100101 1101110000 1101000100 0011000100 1100001111 1111111000 1001111101 1000010100 0010001110
0101001100 1001110000 1011001100 1010000111 0100000110 1111110101 1110011100 0011101101 1011111000
5 7
0110001 0110000 0111110 1001101 0111000
1010011 0100000 0101111 0101110 0100110
10 9
001010001 110000001 001110010 001001101 000011101 111011101 101100110 101101100 100101010 001000111
100001010 111111101 101010110 110110001 011001010 010011010 110111011 010000110 010100101 010010000
10 10
1001111100 1000010001 0011000111 0000100010 1111100101 0100100110 1110011100 1110111011 0001001011 0111011000
0010001111 0100010110 1100100001 1101001000 0011110110 1110101101 0011010001 0101111011 1010110010 1001001100
10 10
0000011010 0110000010 0110100100 0011101111 1101101000 1101101111 0011001100 1101100111 0101000101 1010001101
0100001011 1100110001 1000101110 1111001000 1011110101 0001000110 1111001010 1110101011 1010111100 0111110010
10 10
1111010110 1010101110 1011101110 0011000000 1100011001 0101111101 0100010011 0001100100 0110001001 1000110011
0001100110 0110000011 0100011110 1011001101 1101110000 0010101001 0101011110 1010100011 1000111001 1111010100
10 10
0001011010 0111101011 1100100101 0011001000 1100010100 0001010111 1110111100 1010100011 0111010011 1000101100
1000101001 1010000001 0101011101 0001111110 1010110000 1100110110 0001000110 0111000010 1110111001 0111001111
10 8
01010111 10001101 01001110 11000011 11011101 01000110 01101000 00001101 00110100 11110001
01101011 10101000 10110001 10001110 00100101 00010111 00111011 11101011 11010010 10100000
3 2
10 01 00
01 11 00
7 5
00100 11110 01100 01000 11000 10100 11111
10010 01000 10000 11100 01111 00110 00010
8 7
0010000 1001111 1001001 0100000 0011111 0000110 1110011 1101101
1111101 0001000 0011110 1000111 0101110 0010001 1000001 1100011
6 8
10111001 10100000 10101000 11111011 10110001 11110011
01110001 01100000 01111001 01101000 00110011 00111011
4 7
1010001 1011000 0111100 0110101
0000101 1100001 0001100 1101000
10 10
1110110000 1001111100 0000001000 0110011101 1110101110 1111000010 0000111100 0000001001 1110010011 1000101010
1000001001 0000101010 0001111100 1110011101 0110101110 1000111100 0111000010 0110110000 0110010011 1000001000
4 9
010110001 000011111 001101010 010100111
100101111 101011010 110010111 110000001
2 10
0010010011 1001101001
1101101001 0110010011
10 10
0010011111 1011101100 0011100011 1101011010 1101000010 0011110100 0110111001 0100001111 1100010100 1000100001
0101011000 0111101110 0011001000 0010100011 1101000011 1100010101 1100001101 1001110110 1010111011 0010110100
6 3
100 110 010 001 011 000
011 111 101 001 010 000
7 8
00100100 10001101 00010100 10011111 00100111 10010010 01010110
00101001 11100000 00100100 10010010 10100010 00111011 10010001
1 9
010100100
101101101
3 9
110010110 111101101 111101010
011001100 011001011 010110111
7 9
111111000 111001101 110100000 111111101 000010110 011001110 000000011
101101110 100000110 001011110 110011001 110110101 001100000 111011010
9 9
111100011 010001111 111000111 111101111 011011111 011010100 101100011 110110100 100111001
100100011 000010100 010010100 000110000 100101000 011001110 000011000 101111000 001000011
6 9
100000110 001110100 111111000 000111010 101110100 001101101
110011001 100101111 100001110 110011101 000011010 110000000
4 8
11001110 11000011 11110100 11010000
01100101 01000001 01011111 01010010
7 9
111011101 101100010 101000010 011101011 001101000 110001110 001100000
110100101 010000001 011001011 000011100 110100010 110101001 111101011
10 10
0111010101 1001000011 0101010001 1100100100 1001101010 1010010111 0111111111 1100111010 0010001000 0010101100
0010000100 1001100110 0001111001 0111010100 0111001010 1001000010 0010101101 1110111111 1100111011 1100010001
10 10
0000011101 1101110010 0011100111 1111100000 0101000000 0100011101 1100101101 1011010111 1010001010 0010111010
1000010001 1001001100 1111101011 0001111110 0111011011 0110000110 0000100001 1110110110 0011101100 1100010001
4 7
1010001 1010000 0001111 0001110
0001110 0001111 1010000 1010001
4 5
01111 00001 10011 00011
01100 10000 01010 11110
4 10
1000100101 0010101101 1100100110 0110101110
0111011011 1101010011 1001010000 0011011000
2 8
11000000 11011110
01000111 01011001
10 10
1000111011 0101101011 0110000101 0111110100 0011001001 1101111000 0010010110 1001100110 1110011000 1000000111
1000010011 0110010001 0000001110 1001100010 0111110000 0011101110 1011111101 1101011111 1100000000 0110101101
8 9
111000010 011000101 110110110 110110000 110001000 010011111 001111001 110101101
111011110 011110111 100111000 011101100 110000100 010000011 011110001 011001001
6 8
01000100 11000010 10011110 10111000 00010001 00100010
01110001 01010111 10101011 11111110 11001101 00101101
10 10
1001001001 0000000110 1110110011 1010011100 1101101000 0010010111 0110010001 0101111001 0011101110 1101100110
1001100100 0101101001 0000010110 1101001011 1110010000 1110011110 0001101111 0110000001 1010110001 0011111110
10 10
1011010111 1010010010 0111111000 0011001100 0100101010 1101110101 0000101000 0110110111 1101000011 1000001101
1001000010 1101000000 0010111101 0100011111 1010100110 0001100111 1110010010 0100101001 1111011101 0011111000
3 7
0101101 0101100 0001100
0011001 0111000 0011000
10 9
010000110 101001111 101111111 101011111 011001100 101111010 001011110 000001111 111000101 100100010
011011000 111011010 101100010 010111111 000000100 100110011 011111100 001000111 100010101 001011000
6 8
00001000 11010111 11000100 00011001 11010101 00011011
00111000 00111010 00101001 11100101 11110110 11110100
3 6
110100 100010 001011
100000 001010 110110
2 4
1011 0000
0111 1100
10 7
1101000 1010010 1100001 0001011 1110001 1011001 1111010 1001010 0110111 1110111
0010010 1011111 1010100 1010010 1110111 1101111 1001101 0101110 1000100 1111100
10 10
0101111001 1001100011 1101000111 0101001000 1010001010 0011100101 0010010110 0100010100 1110111111 1010111000
1110101000 0011110010 0101101110 0100000011 1010011101 1001110100 0010000001 1101010000 1010101111 0101011111
