100
1 2
10
00
10 10
1000010010 1110001001 0100001000 1110011111 1101101010 0011110111 1001110100 0011100111 0001011001 0110100100
0000000011 0111101000 1111010011 1101111111 1000101110 1010000000 1010010000 0100011101 0111111110 0001100101
2 10
0110100101 0000010001
0110100101 0000010001
10 9
101111000 010101111 100010001 011011011 110111011 011100101 111100101 110001111 100100111 111001000
001000001 000001011 111111001 010000001 010011100 000010101 011011110 100101100 011010010 001110101
5 8
10111111 00101101 10101011 11001101 10101101
10001101 01101101 00001101 00001011 00011111
10 10
0000110000 1101111000 0010000101 0111010011 1101101110 1111001111 1010010001 0100111110 1011100000 0000001111
0000101100 1100011111 1011000011 1011111100 0100000011 0110110100 1001001001 1111110010 0110100010 0001011101
1 8
11001110
01100000
10 10
1111011011 0001101000 0100110001 1001110100 1110000110 0010111101 1110000101 1001000110 0001011010 0110101011
1010110011 1111101010 0100000000 0101011101 1010000001 0101011110 0010101111 1101110000 0010011101 1001100110
10 10
1010110101 1000010101 0000011010 0011011000 0101100101 1110010011 0110101111 1101001100 1001101010 0111100010
0110001010 1011000001 0011111101 1111100111 1100111000 1000011110 0000110111 1101000111 0010110000 0101001000
1 4
0111
1110
6 7
1001011 0110010 0111010 0011110 0010001 1100010
0000110 0110110 1010110 1110111 1110010 0100001
1 3
101
011
5 5
11011 11111 00111 00000 01001
10001 01010 10101 01101 00011
10 10
0111100010 1010000110 0101010000 0100011111 1001101110 1011000001 0011111001 1000011001 0100100100 1110111111
0101000011 1010100110 1011010010 0000111101 1001100000 1101111011 0111101100 0100000100 0110011011 1010011101
4 9
000011100 000101100 010100110 010010110
101111001 111110011 101001001 111000011
10 10
1111101111 1010001101 0011011000 1101110001 0010000101 1000100010 0101100011 0110011110 1001110110 0100011000
1101001010 1010001010 0111100100 0001111101 0110110000 1011110001 1000001100 0011100011 0100011111 1100010111
6 6
010101 001000 100100 011001 110101 000100
000000 010001 100000 110001 011101 001100
2 7
0110100 1011110
1011011 0110001
2 8
10111011 10101011
10000101 10010101
10 10
0001110001 0010111000 1101000010 1010001111 0111110001 0100001001 1011101111 1101111110 0010000100 1100010110
0100000010 1100001001 0001110111 1011111000 0100111110 0111110111 1010010000 0010001111 1011000100 1101101001
6 9
111011110 010001100 000000100 010000000 101010110 111010010
010000001 111011111 010001101 101010111 000000101 111010011
10 10
1111000000 0111101101 1111101011 0010010110 1011000000 1011101010 1111101010 1011101011 0011101101 0110010110
1000111111 1100111111 0101000010 1100111110 0001000010 1000010100 0100111001 1100010100 1000111110 0000111001
10 10
0101110011 1010110010 0010000100 1101100001 1000001010 0110011110 0000101111 1011000101 1101011001 0111111100
1000101010 1111011101 0111110111 0111001111 0001101011 1101010010 1010000001 0000011100 0010100100 1100110000
7 10
0111110000 0001011011 0000100011 0010111000 0000110001 1000101011 1001000011
0110001010 0100110101 0001011101 0010110110 0110011100 1010101011 0011100111
10 10
1010001011 1011110101 1101000011 0111011100 0000111000 0111011101 0010000111 1000101100 1101110010 0100100010
0000111001 1010010010 0101010110 1111001000 0101100111 0010011110 1100110111 0011100000 1111001001 1000101101
2 6
110101 010100
101101 100000
4 7
1111111 1100101 1000101 0001010
1000101 1001001 0011000 1110000
2 3
100 101
010 011
5 4
1001 0010 1000 1011 1100
1100 1111 1011 1110 0101
4 4
1011 0100 1110 0001
1110 1011 0001 0100
8 6
110010 110011 111001 011101 001111 010111 010110 101011
111010 011110 011111 010100 111011 000110 110000 100010
6 10
1101010001 1011111000 1001010000 0110111101 0100010101 1111111001
1000010001 1010111001 1100010000 1110111000 0011111101 0001010101
10 10
0110001101 1011001100 0000110000 0111110001 1100001110 0111110111 1000010010 1001001001 0010110110 1101101011
0101101011 0000101010 1011010101 0100010001 1001010000 0101101101 1010001110 1111110111 1110010010 0010101100
6 9
011000100 000001011 111010100 010011101 111000000 111010000
111000001 010011100 111010101 000001010 111010001 011000101
2 5
10111 00101
01001 11011
10 10
1000011111 1110100011 0100011000 0111111110 0000110000 1101101000 1111001100 0001000011 0010100111 1011010101
0110100100 0111001011 1110010110 1000101011 0100000000 0001110111 0010111101 1011001111 1101110000 1001011000
10 10
0011100100 0001001010 1000111011 1100000110 0111000111 1111111100 1011100101 1100011000 0000010011 0110111001
0101000000 1111111111 1111100001 0011101010 1000011100 1100000101 1011000010 0100111110 0010110011 0000011101
1 4
0010
1001
5 7
0101000 1101001 0010011 0011000 1100011
1011000 0010000 1111000 1100110 0110001
1 7
0101011
1000011
8 9
100001010 100110111 001100110 001010101 011110011 111101100 100101111 011101100
101011110 000100100 000000001 111100111 011100111 111111000 000111100 101101101
4 8
01101100 00100110 00100111 00100001
11011100 11011101 10010111 11011010
10 10
1100100000 1000101101 0000101010 1111010011 0001111100 0111010110 0001110100 1011011011 0110001001 1110000111
0111101001 0100011010 1111101100 0110111101 0011100001 1000010000 1001001110 0000010111 1110110011 1001000110
9 9
111101111 011110110 010100001 100001000 010100111 010110001 001101101 010001010 100001110
001011010 001110111 100010010 010010000 001011100 111110011 000001011 111110101 001001100
6 3
110 010 111 100 011 000
101 010 111 011 001 110
10 9
100100011 111110111 010110011 111110011 110010010 011011100 011010100 001101110 011011110 000110000
010100111 110110100 101011000 001110011 101010000 001110111 100110111 000010110 111101010 101011010
5 10
0000101110 0110110001 1000000000 0010000001 0000010001
1011100111 0000110101 1110111001 1001110110 0011100011
2 5
10001 10011
00110 00100
10 10
0000011001 1101110100 0110001110 0001101010 1011100100 1110010011 1111010101 1111101110 0000111001 0000000011
0100010010 0111110101 0101010100 1100001111 0001100101 1010111000 1010000010 1011101011 0101101111 1010011000
2 3
101 001
110 010
10 10
0000100000 0011011011 1010111000 0100011110 0111101101 0001000110 1101110011 1101000110 1110001101 1010110001
0100111010 0011111111 1101100010 0000000100 0111001001 1010010101 1010011100 0001100010 1101010111 1110101001
2 9
000110110 001111111
100010000 101011001
10 10
1001100110 1000000000 0010011111 1100011001 0000101100 0111111011 1110111100 1111010011 0101100001 0011000110
1011001111 0101011111 0000010010 0010001000 1010100000 1001101010 1101110011 0111101100 1100010101 0110110101
10 10
1001011101 0111101101 1010001001 0110010010 1000100110 1011110111 0101001000 0000100111 0111011000 1100110010
1010101000 0110111101 1110111100 1111000111 0001000010 0000001000 1101101101 0001110111 0011010010 1100010011
10 10
1001100011 0101100011 0011101110 1110110100 1100101001 0010000110 0110011001 1011011100 1000011100 0101010011
0010111101 1110001101 1100110010 0100000000 0010001101 0001110111 1111110010 1011000111 0101101000 1001011010
6 10
1110000101 0111000101 0111000001 1000111110 0001111010 0001111110
1110000101 0001111010 0111000001 1000111110 0111000101 0001111110
10 10
0000111001 0010111001 1111010100 0101001110 1010000010 1101100111 0000010111 1000101000 1111000110 0111111001
1011110001 0011001110 0001111001 1100011111 1011100011 0100001110 0100100000 1001010000 1110110101 0110001110
10 10
1011001110 0011100011 1100010010 0110111101 0000010001 1001101100 0100110011 0111100100 1001011111 1110001000
0100101010 1001000001 0001110100 1100000111 0000101101 1110010110 0111011000 1011011011 1110100101 0011111010
10 7
0101011 0010111 1110101 0000100 1110100 1010011 0101110 0100101 1001101 0101000
0101010 0011000 1011100 1111010 0100111 0100001 1000010 1111011 0100100 0001011
5 10
0011111001 1101011011 1111101010 1000010010 0111111001
0010100110 0001011100 0110010100 1000000010 0010110101
10 10
1110110001 1111000100 1000001101 0110100110 0101001010 1000110011 1011101101 0011011010 0001110110 0100011001
1101000001 0111001111 0011110011 1010110110 0100100011 1001101000 1100110100 1010001000 0110011100 0001011111
10 10
1000001001 0000100110 0010010111 0001111000 1111010001 0100011110 1101100110 1110001001 1011110100 0111101011
1011001010 0111010101 0001000110 0100100000 1000110111 1101011000 0000011000 1111101111 0010101001 1110110111
4 5
00000 11111 11001 00110
00010 11101 00100 11011
1 6
101000
111100
8 10
1100001100 1011000110 0001100000 1001100100 1101000101 0101000001 0100001000 0011000010
0011010011 0100011001 0001110001 1101010100 1011010111 1100011101 1001110101 0101010000
10 8
01110000 00001001 00110001 01001000 10101101 11010100 00001101 01001100 11101100 10010101
01011000 00011001 11000000 00100001 01100000 10111101 10000101 10000001 11000100 11111100
4 9
010001011 101111100 000101101 111011010
111110100 010100101 000000011 101010010
10 10
0010110000 0000011111 0110100111 1001010101 0011111000 1111001110 1001110111 0111101010 1100001000 1100000001
1000100100 1101111001 0110011100 0011000110 0010001011 1000101101 0100110011 1011100010 0111010100 1101011011
4 8
01011001 01101101 10000011 01101001
00110101 11111001 00111011 00001010
5 9
110111111 100000011 100010011 001101111 100110111
111010111 111100011 010111011 111000111 101101011
4 7
1110001 1111111 1000001 1001111
1010001 1011111 1100001 1101111
6 4
1000 1111 0111 1001 0001 0000
1110 0110 1000 1001 0000 0001
2 6
110100 111000
001110 000010
2 3
110 100
101 111
7 10
1111101010 1101001101 1001011101 1111001000 0100000001 1011111101 0001110010
0001110101 1010111100 1000111001 0100000110 1010011110 1100101001 1110001001
10 10
0010010001 1101100001 1110101110 0011101101 0000010110 1000001000 1100000011 0111111111 0111011110 1001110000
0111001000 0100110011 0110110100 1000100110 0011011010 1100101101 0011111011 1001000100 1010001011 1101010101
2 9
100111010 010100010
101111101 111100000
10 10
1111100110 0110110001 1000000001 1011110110 0001100000 1101111111 1000011101 0111001011 0010011110 0100001000
0110110110 1010111111 0101110101 0011011110 1010100011 1111000001 0100001111 1001001000 1101011000 0000100000
2 10
1101001101 1000101111
0010010011 1000011110
1 6
100111
010100
4 8
00001110 11110010 10011001 00001011
00101011 01101000 01111001 11010101
10 10
1000011101 1010101010 0111101111 1000010101 0011010000 0101111110 1110110101 0101100011 0110001010 1001000000
1001100000 1111001110 1011110001 0100000011 0110110100 0100001011 1001111101 0101011110 1010010100 0010101011
8 9
010100001 111110000 001110011 011110110 110010101 100110000 001100110 100000011
110011101 011111000 000001011 100001101 001101110 011001011 101011010 110001000
8 8
11110100 11111010 11011010 00000101 00001011 11111011 11010100 11110101
00101010 00000100 00100100 00101011 00001010 11011011 11010101 00100101
2 10
0010011000 0111011010
1111101110 1010101100
4 7
0010001 0111011 0111101 0000010
0110101 0000010 0011111 0010011
2 3
110 010
000 100
8 6
001101 100100 011011 111010 111011 101101 110010 101100
110010 111010 110011 101100 000101 100100 100101 010011
3 2
10 11 01
10 00 11
7 7
0110101 0100001 1011101 1011111 1000100 1110101 0011110
0100100 0111010 0101011 0010110 0011111 1110110 0001101
1 6
011001
001101
10 10
0001100001 1111011010 0111010111 0101000110 0100101011 1000111010 1010010100 0111001001 1010100101 1000111100
0001100100 1101110011 1100011110 0011111101 1000111001 1110001111 0001100010 0110000010 1110010001 0011001100
1 4
0000
0111
5 6
000110 011100 110101 111001 111110
000101 011010 110001 110100 100010
1 6
001010
010010
4 10
1101011100 0111010100 0111000101 1101001101
1010101011 0000110010 0000100011 1010111010
10 10
1110000100 1011100001 0100010111 0101111000 0010111111 0111001100 1100100111 0011001000 1000010010 1001111011
1110100010 1100000001 1011000111 0111101010 0011101110 1000110100 0101011110 0010011001 0100110001 1001011101
2 8
11100010 01101011
01001001 11000000
10 10
1110100101 1000011001 0001011001 1111110011 0111110100 1000001100 0110101110 0000000011 1101010010 0011101110
0110011000 1011001001 1001101000 1000111110 0001101111 0101110101 0000110101 0111000010 1110010111 1110000010
7 8
11010111 11110000 11100111 00011010 11101100 10101110 00010011
11100110 11101101 11111010 10100100 00011001 11011101 00010000
